Unnamed: 0	objectId	mjd	psMag	psMagErr	flags	psFlux	psFluxErr	psDiffFlux	psDiffFluxErr	filter	id	class	z
922309	1464480	52231.1	19.70861	0.019461907	4503874773712896	47483.74	851.2932	-9386.48047	1774.62222	2	1464480	Qso	0.946
922310	1464480	54381.21	19.582611	0.023766913	4503874773745664	53327.676	1167.506	-3542.54297	1946.18965	2	1464480	Qso	0.946
922311	1464480	52197.17	19.660027	0.01747371	4503874773712896	49657.074	799.2982	-7213.14453	1750.2747	2	1464480	Qso	0.946
922312	1464480	54431.14	19.523754	0.032828223	4503874773745664	56298.68	1702.4459	-571.53906	2307.14237	2	1464480	Qso	0.946
922313	1464480	53302.14	19.527796	0.024698485	4503874773712896	56089.43	1276.0846	-780.78906	2013.20038	2	1464480	Qso	0.946
922314	1464480	53995.19	19.306955	0.015431269	4503874773712896	68742.6	977.0981	11872.38281	1838.2885	2	1464480	Qso	0.946
922315	1464480	54011.22	19.428349	0.023818554	4503874773712896	61470.184	1348.6499	4599.96484	2059.96126	2	1464480	Qso	0.946
922316	1464480	54382.21	19.5751	0.031241251	4503599895838720	53697.926	1545.3214	-3172.29297	2193.76438	2	1464480	Qso	0.946
922317	1464480	54019.17	19.448853	0.016198488	4503874773745664	60320.117	900.03143	3449.89844	1798.51062	2	1464480	Qso	0.946
922318	1464480	53314.1	19.488832	0.020566907	4503874773712896	58139.1	1101.4423	1268.87891	1907.29099	2	1464480	Qso	0.946
922319	1464480	54060.15	19.491564	0.020618428	4503874773745664	57993.008	1101.4275	1122.78906	1907.28247	2	1464480	Qso	0.946
922320	1464480	54058.13	19.508532	0.022687912	4503874773745664	57093.695	1193.1882	223.47656	1961.70386	2	1464480	Qso	0.946
922321	1464480	53675.11	19.474958	0.017210597	4503874773745664	58886.92	933.55096	2016.70312	1815.51681	2	1464480	Qso	0.946
922322	1464480	53243.29	19.460985	0.022889977	4503874773745664	59649.824	1257.6986	2779.60547	2001.59678	2	1464480	Qso	0.946
922323	1464480	53623.19	19.603903	0.017702933	4503874773712896	52291.895	852.738	-4578.32031	1775.31574	2	1464480	Qso	0.946
922324	1464480	54063.12	19.518307	0.021952227	4503874773712896	56581.938	1144.1516	-288.28125	1932.26985	2	1464480	Qso	0.946
922325	1464480	53668.14	19.440264	0.02282029	4503874773745664	60799.18	1278.0245	3928.96094	2014.4306	2	1464480	Qso	0.946
922326	1464480	53673.12	19.475475	0.017691988	4503875377725512	58858.848	959.2056	1988.63281	1828.84098	2	1464480	Qso	0.946
922327	1464480	54036.14	19.48022	0.022505865	4503874773712896	58602.184	1214.8795	1731.96484	1974.97244	2	1464480	Qso	0.946
922328	1464480	52578.1	19.559858	0.018570216	4503874773745664	54457.156	931.5437	-2413.06641	1814.48545	2	1464480	Qso	0.946
922329	1464480	54039.14	19.526064	0.028296493	4503874773848064	56179.066	1464.317	-691.15234	2137.47699	2	1464480	Qso	0.946
922330	1464480	53665.13	20.28898	0.028125498	4503874773745664	27818.076	720.9681	-29052.14258	1715.91925	2	1464480	Qso	0.946
922331	1464480	53974.2	19.304073	0.015360835	4503874773745664	68925.375	975.224	12055.15625	1837.29306	2	1464480	Qso	0.946
922332	1464480	52929.13	19.472605	0.018299097	4503874773745664	59014.668	994.7471	2144.44531	1847.72983	2	1464480	Qso	0.946
922333	1464480	54029.15	19.456367	0.017529799	4503874773745664	59903.99	967.28485	3033.77344	1833.09135	2	1464480	Qso	0.946
922334	1464480	51464.18	19.772482	0.021300325	4503874773745664	44770.453	878.4877	-12099.76562	1787.82674	2	1464480	Qso	0.946
922335	1464480	54423.12	19.542807	0.033336066	4503874773745664	55319.168	1698.7112	-1551.05078	2304.38791	2	1464480	Qso	0.946
922336	1464480	54359.11	19.547766	0.022343103	4503874773712896	55067.117	1133.3546	-1803.10547	1925.89629	2	1464480	Qso	0.946
922337	1464480	54052.14	19.521511	0.022369362	4503874773712896	56415.11	1162.456	-455.10938	1943.16444	2	1464480	Qso	0.946
922338	1464480	54055.13	19.566067	0.026111843	4503874773745664	54146.5	1302.3864	-2723.71875	2029.97393	2	1464480	Qso	0.946
922339	1464480	52936.11	19.485651	0.019232284	4503874773745664	58309.695	1032.9893	1439.47656	1868.5959	2	1464480	Qso	0.946
922340	1464480	52197.21	19.667685	0.019642537	4503874773712896	49308.105	892.1942	-7562.11719	1794.60146	2	1464480	Qso	0.946
922341	1464480	54025.22	19.37129	0.018520497	4503874773745664	64787.36	1105.2433	7917.14062	1909.48858	2	1464480	Qso	0.946
922342	1464480	53272.22	19.53863	0.024575785	4503874773712896	55532.535	1257.1411	-1337.6875	2001.24652	2	1464480	Qso	0.946
922343	1464480	53288.15	19.662844	0.030597823	4503874773712896	49528.414	1396.0078	-7341.80859	2091.27277	2	1464480	Qso	0.946
922344	1464480	54031.13	19.487562	0.018793792	4503874773745664	58207.23	1007.66394	1337.01172	1854.71575	2	1464480	Qso	0.946
922345	1464480	53997.17	19.34613	0.015701778	4503599895838736	66306.3	958.996	9436.07812	1828.73106	2	1464480	Qso	0.946
922346	1464480	53989.2	19.375448	0.020127501	4503874773745664	64539.67	1196.5529	7669.45312	1963.75219	2	1464480	Qso	0.946
922347	1464480	53693.12	19.467493	0.021920307	4503874773745664	59293.16	1197.2195	2422.9375	1964.15845	2	1464480	Qso	0.946
922348	1464480	53312.1	19.46843	0.022504043	4503874773745664	59242.05	1228.0422	2371.83203	1983.09648	2	1464480	Qso	0.946
922349	1464480	54005.14	19.422592	0.020260228	4503874773745664	61797.023	1153.2693	4926.80469	1937.68261	2	1464480	Qso	0.946
922350	1464480	54009.15	19.450157	0.017364683	4503874773712896	60247.668	963.66974	3377.44922	1831.18634	2	1464480	Qso	0.946
922351	1464480	54054.15	19.460875	0.026873264	4503874773712896	59655.734	1476.7084	2785.51953	2145.98489	2	1464480	Qso	0.946
922352	1464480	52934.11	19.466755	0.01857081	4503874773745664	59333.555	1014.97125	2463.33594	1858.69592	2	1464480	Qso	0.946
922353	1464480	54406.13	19.549694	0.02031315	4503874773712896	54969.4	1028.5575	-1900.81641	1866.14962	2	1464480	Qso	0.946
922354	1464480	54356.22	19.518057	0.018621745	4503874773712896	56594.895	970.7889	-275.32422	1834.94277	2	1464480	Qso	0.946
922355	1464480	54396.13	19.487617	0.04674058	4503874773745664	58204.24	2505.9539	1334.01562	2950.32005	2	1464480	Qso	0.946
922356	1464480	53704.11	19.43479	0.019204434	4503874773712896	61106.477	1080.9574	4236.25781	1895.53496	2	1464480	Qso	0.946
922357	1464480	53635.17	19.471998	0.018286962	4503874773745664	59047.664	994.6431	2177.44531	1847.6739	2	1464480	Qso	0.946
922358	1464480	54393.2	19.540707	0.020725766	4503874773712896	55426.375	1058.1725	-1443.84375	1882.63456	2	1464480	Qso	0.946
922359	1464480	53270.17	19.518219	0.020148112	4503874773712896	56586.47	1050.2052	-283.74609	1878.16796	2	1464480	Qso	0.946
922360	1464480	53626.18	19.535276	0.024925886	4503599904227344	55704.293	1278.9929	-1165.92188	2015.04511	2	1464480	Qso	0.946
922361	1464480	53680.12	19.436878	0.024103045	4503874773745664	60989.1	1354.0795	4118.88281	2063.52015	2	1464480	Qso	0.946
922362	1464480	54373.2	19.528439	0.025570268	4503874773712896	56056.277	1320.3458	-813.94141	2041.54281	2	1464480	Qso	0.946
922363	1464480	53677.14	19.437695	0.022354297	4503874773745664	60943.273	1254.8937	4073.05469	1999.8355	2	1464480	Qso	0.946
922364	1464480	53654.19	19.51622	0.021027448	4503874773712896	56690.734	1098.059	-179.48438	1905.33918	2	1464480	Qso	0.946
922365	1464480	54007.16	19.418615	0.019122232	4503874773745664	62023.773	1092.4846	5153.55469	1902.1321	2	1464480	Qso	0.946
922366	1464480	54433.13	19.560024	0.024891589	4503874773712896	54448.85	1248.4542	-2421.37109	1995.80107	2	1464480	Qso	0.946
922367	1464480	54386.21	19.542303	0.023250373	4503874773712896	55344.918	1185.3243	-1525.30078	1956.93067	2	1464480	Qso	0.946
922368	1464480	54425.12	19.529768	0.03115134	4503874773712896	55987.664	1606.5616	-882.55078	2237.32522	2	1464480	Qso	0.946
922369	1464480	54041.14	19.610117	0.039343674	4503874773745664	51993.39	1884.342	-4876.82812	2444.44859	2	1464480	Qso	0.946
922370	1464480	52557.2	19.548828	0.02353081	4503874773745664	55013.246	1192.434	-1856.96875	1961.24518	2	1464480	Qso	0.946
922371	1464480	54419.13	19.496643	0.02221752	4503874773745664	57722.277	1181.3109	852.05469	1954.50234	2	1464480	Qso	0.946
922372	1464480	54403.13	19.521793	0.02180868	4503874773712896	56400.477	1133.0255	-469.74219	1925.70264	2	1464480	Qso	0.946
922373	1464480	54048.13	19.507654	0.026563957	4503874773712896	57139.883	1398.1647	269.66406	2092.71317	2	1464480	Qso	0.946
922374	1464480	54383.22	19.512789	0.029723985	4503874773712896	56870.223	1557.1075	0.0	2202.08263	2	1464480	Qso	0.946
922375	1464480	54366.16	19.567663	0.03929268	4503874773712896	54067.027	1956.9342	-2803.19531	2500.83494	2	1464480	Qso	0.946
