Unnamed: 0	objectId	mjd	psMag	psMagErr	flags	psFlux	psFluxErr	psDiffFlux	psDiffFluxErr	filter	id	class	z
884525	1465497	54421.13	17.889288	0.023083048	4503599895838736	253693.73	5393.63	-40726.57812	31934.52035	2	1465497	Qso	0.9253907
884526	1465497	54051.12	17.646593	0.049748525	4503600030192144	317240.0	14536.018	22819.6875	34670.13392	2	1465497	Qso	0.9253907
884527	1465497	54406.12	17.836718	0.04676707	4503599895838736	266279.34	11469.795	-28140.96875	33500.42594	2	1465497	Qso	0.9253907
884528	1465497	53314.09	17.632397	0.13107765	4503599929524240	321415.12	38803.625	26994.8125	49964.42425	2	1465497	Qso	0.9253907
884529	1465497	54425.12	17.881918	0.02353567	4503599895838736	255421.73	5536.8486	-38998.57812	31959.02123	2	1465497	Qso	0.9253907
884530	1465497	54396.13	17.91187	0.1397278	4503599895838736	248471.94	31977.06	-45948.375	44869.30757	2	1465497	Qso	0.9253907
884531	1465497	54054.15	17.696459	0.11230209	4503599895969808	302999.0	31340.545	8578.6875	44417.92551	2	1465497	Qso	0.9253907
884532	1465497	54373.2	17.854391	0.022350518	4503599895838736	261980.12	5393.045	-32440.1875	31934.42156	2	1465497	Qso	0.9253907
884533	1465497	54025.21	17.590652	0.12719364	4503599895969808	334013.72	39129.734	39593.40625	50218.10903	2	1465497	Qso	0.9253907
884534	1465497	54423.12	17.890694	0.13887082	4503599895838736	253365.39	32406.83	-41054.92188	45176.59759	2	1465497	Qso	0.9253907
884535	1465497	53272.22	17.625984	0.15561634	4503599895969808	323319.38	46340.867	28899.0625	56019.62779	2	1465497	Qso	0.9253907
884536	1465497	54415.16	17.843098	0.15503702	4503599929393168	264719.16	37800.61	-29701.15625	49189.51476	2	1465497	Qso	0.9253907
884537	1465497	54359.11	17.84435	0.11748669	4503599895969808	264413.8	28612.172	-30006.5	42536.79417	2	1465497	Qso	0.9253907
884538	1465497	53302.14	17.613077	0.12275514	4503599895969808	327185.44	36992.266	32765.125	48571.08319	2	1465497	Qso	0.9253907
884539	1465497	54381.21	17.866312	0.10992941	4503599895969808	259119.17	26235.635	-35301.15625	40975.97943	2	1465497	Qso	0.9253907
884540	1465497	54433.13	17.897303	0.13774864	4503599929393168	251827.48	31949.844	-42592.82812	44849.91623	2	1465497	Qso	0.9253907
884541	1465497	54031.13	17.724197	0.097753316	4503599929524240	295356.28	26592.264	935.96875	41205.22814	2	1465497	Qso	0.9253907
884542	1465497	53665.13	18.287487	0.014692985	4503600063741968	175804.03	2379.1396	-118616.28125	31565.52949	2	1465497	Qso	0.9253907
884543	1465497	53974.19	17.67441	0.046503853	4503599895838736	309215.06	13244.238	14794.75	34148.67766	2	1465497	Qso	0.9253907
884544	1465497	53626.18	17.70224	0.015401675	4503599895969808	301390.28	4275.38	6969.96875	31764.77956	2	1465497	Qso	0.9253907
884545	1465497	54393.2	17.838028	0.013484972	4503599929491472	265958.06	3303.2485	-28462.25	31648.59866	2	1465497	Qso	0.9253907
884546	1465497	51464.18	17.802181	0.025972946	4503599895838736	274885.62	6575.838	-19534.6875	32155.31045	2	1465497	Qso	0.9253907
884547	1465497	54041.13	17.73366	0.11115268	4503599895969808	292793.5	29974.986	-1626.8125	43465.18287	2	1465497	Qso	0.9253907
884548	1465497	53677.13	17.61736	0.13010046	4503599895969808	325898.1	39051.52	31477.78125	50157.18822	2	1465497	Qso	0.9253907
884549	1465497	54019.16	17.71418	0.012751197	4503599895838736	298093.78	3500.9143	3673.46875	31669.83971	2	1465497	Qso	0.9253907
884550	1465497	53673.11	17.60234	0.026417352	4503599895969808	330437.28	8039.991	36016.96875	32486.36327	2	1465497	Qso	0.9253907
884551	1465497	52231.09	17.839327	0.014064299	4503599895805968	265640.22	3441.042	-28780.09375	31663.27709	2	1465497	Qso	0.9253907
884552	1465497	53635.17	17.67761	0.12461049	4503599929524240	308305.22	35384.49	13884.90625	47358.04365	2	1465497	Qso	0.9253907
884553	1465497	53312.09	17.647976	0.11188247	4503599895969808	316836.06	32649.31	22415.75	45350.85245	2	1465497	Qso	0.9253907
884554	1465497	52578.09	17.80807	0.051442478	4503599895969808	273399.06	12953.788	-21021.25	34037.08228	2	1465497	Qso	0.9253907
884555	1465497	54060.15	17.708073	0.07957424	4503599895838736	299775.28	21970.8	5354.96875	38385.39361	2	1465497	Qso	0.9253907
884556	1465497	53623.19	17.79256	0.03033113	4503599895973904	277332.38	7747.596	-17087.9375	32415.23707	2	1465497	Qso	0.9253907
884557	1465497	53675.11	17.623013	0.09374962	4503599895973904	324204.88	27994.09	29784.5625	42123.524	2	1465497	Qso	0.9253907
884558	1465497	53654.19	17.644346	0.027707718	4503599895969808	317897.2	8112.688	23476.875	32504.4313	2	1465497	Qso	0.9253907
884559	1465497	54029.14	17.725927	0.013110425	4503599929524240	294885.66	3560.8035	465.34375	31676.51602	2	1465497	Qso	0.9253907
884560	1465497	54412.12	17.853964	0.047564793	4503599895838736	262083.1	11481.607	-32337.21875	33504.47221	2	1465497	Qso	0.9253907
884561	1465497	53288.14	17.677252	0.12937038	4503599895969808	308406.97	36748.234	13986.65625	48385.48454	2	1465497	Qso	0.9253907
884562	1465497	54048.13	17.714249	0.13554734	4503599895838736	298075.03	37212.957	3654.71875	48739.37392	2	1465497	Qso	0.9253907
884563	1465497	53997.17	17.605503	0.025764732	4503599895969808	329476.28	7818.5645	35055.96875	32432.27248	2	1465497	Qso	0.9253907
884564	1465497	54055.13	17.694841	0.15911464	4503599929393168	303451.25	44470.97	9030.9375	54482.92777	2	1465497	Qso	0.9253907
884565	1465497	54052.13	17.727644	0.11607285	4503599929524240	294420.3	31475.742	0.0	44513.42173	2	1465497	Qso	0.9253907
884566	1465497	54382.21	17.847286	0.13584751	4503599895969808	263700.2	32994.395	-30720.125	45599.91625	2	1465497	Qso	0.9253907
884567	1465497	54356.22	17.844772	0.14718378	4573968640016401	264311.5	35830.598	-30108.8125	47692.28477	2	1465497	Qso	0.9253907
884568	1465497	54009.15	17.722742	0.16387123	4503599895969808	295752.6	44638.43	1332.28125	54619.69793	2	1465497	Qso	0.9253907
884569	1465497	54403.13	17.867527	0.011765187	4503599895838736	258829.7	2804.7302	-35590.60938	31600.45661	2	1465497	Qso	0.9253907
884570	1465497	52197.2	17.9041	0.05928181	4503599895969808	250256.02	13664.203	-44164.29688	34313.74107	2	1465497	Qso	0.9253907
884571	1465497	54036.13	17.714167	0.12314847	4503599895969808	298097.78	33811.566	3677.46875	46194.63564	2	1465497	Qso	0.9253907
884572	1465497	54058.12	17.705845	0.060913388	4503599895969808	300391.12	16853.008	5970.8125	35703.58831	2	1465497	Qso	0.9253907
884573	1465497	54366.16	17.828716	0.10914202	4503599895838736	268249.1	26965.486	-26171.21875	41447.07249	2	1465497	Qso	0.9253907
884574	1465497	52929.12	17.730377	0.15042582	4503599895969808	293680.0	40688.754	-740.3125	51442.17144	2	1465497	Qso	0.9253907
884575	1465497	54419.12	17.84097	0.19461355	4503599895838736	265238.72	47543.156	-29181.59375	57018.19312	2	1465497	Qso	0.9253907
884576	1465497	54063.12	17.706232	0.05629516	4503599895838736	300284.0	15569.719	5863.6875	35116.07168	2	1465497	Qso	0.9253907
884577	1465497	53693.12	17.613998	0.048790116	4503599895969808	326907.88	14690.43	32487.5625	34735.15606	2	1465497	Qso	0.9253907
884578	1465497	52557.2	17.808025	0.1543555	4503599929528336	273410.0	38869.984	-21010.3125	50015.97739	2	1465497	Qso	0.9253907
884579	1465497	54416.12	17.87427	0.12120695	4503599929393168	257227.25	28715.914	-37193.07812	42606.64336	2	1465497	Qso	0.9253907
